0.353553 -0.935414 -0 -0 -1.38778e-17 -2.77556e-17 -4.16334e-17 -5.55112e-17 
0.353553 0.133631 0.377964 0.377964 0.377964 0.377964 0.377964 0.377964 
0.353553 0.133631 -0.896327 0.103673 0.103673 0.103673 0.103673 0.103673 
0.353553 0.133631 0.103673 -0.896327 0.103673 0.103673 0.103673 0.103673 
0.353553 0.133631 0.103673 0.103673 -0.896327 0.103673 0.103673 0.103673 
0.353553 0.133631 0.103673 0.103673 0.103673 -0.896327 0.103673 0.103673 
0.353553 0.133631 0.103673 0.103673 0.103673 0.103673 -0.896327 0.103673 
0.353553 0.133631 0.103673 0.103673 0.103673 0.103673 0.103673 -0.896327 

0.353553 0.935414 -0 -0 -0 -0 -0 -0 
0.353553 -0.133631 0.377964 0.377964 0.377964 0.377964 0.377964 0.377964 
0.353553 -0.133631 -0.896327 0.103673 0.103673 0.103673 0.103673 0.103673 
0.353553 -0.133631 0.103673 -0.896327 0.103673 0.103673 0.103673 0.103673 
0.353553 -0.133631 0.103673 0.103673 -0.896327 0.103673 0.103673 0.103673 
0.353553 -0.133631 0.103673 0.103673 0.103673 -0.896327 0.103673 0.103673 
0.353553 -0.133631 0.103673 0.103673 0.103673 0.103673 -0.896327 0.103673 
0.353553 -0.133631 0.103673 0.103673 0.103673 0.103673 0.103673 -0.896327 

8 0 0 0 0 0 0 0 
0 5.49532e-16 0 0 0 0 0 0 
0 0 -0 0 0 0 0 0 
0 0 0 -0 0 0 0 0 
0 0 0 0 -0 0 0 0 
0 0 0 0 0 -0 0 0 
0 0 0 0 0 0 -0 0 
0 0 0 0 0 0 0 0 
